0
1

1
0

2
0

3
0

4
1

5
1

6
0

7
0

8
1

9
1

10
0

11
1

12
0

13
1

14
1

15
0

16
1

17
0

18
0

19
0

20
1

21
0

22
0

23
0

24
1

25
1

26
1

27
0

28
0

29
1

30
1

31
0

32
1

33
1

34
1

35
1

36
0

37
0

38
0

39
1

40
1

41
0

42
1

43
1

44
0

45
1

46
1

47
0

48
1

49
1

50
1

51
0

52
0

53
0

54
0

55
1

56
0

57
1

58
1

59
0

60
1

61
0

62
0

63
1

64
0

65
0

66
0

67
1

68
0

69
0

70
1

71
0

72
1

73
0

74
1

75
0

76
0

77
1

78
1

79
0

80
1

81
1

82
0

83
1

84
0

85
0

86
0

87
1

88
0

89
1

90
0

91
0

92
0

93
1

94
0

95
0

96
1

97
1

98
0

99
0

100
1

101
1

102
0

103
0

104
1

105
1

106
0

107
1

108
1

109
1

110
0

111
1

112
1

113
0

114
1

115
1

116
0

117
0

118
1

119
0

120
0

121
0

122
0

123
0

124
1

125
1

126
1

127
1

128
1

129
0

130
0

131
0

132
1

133
0

134
0

135
0

136
1

137
0

138
1

139
1

140
0

141
1

142
1

143
1

144
0

145
0

146
1

147
1

148
0

149
0

150
1

151
1

152
0

153
0

154
1

155
0

156
1

157
0

158
0

159
1

160
1

161
1

162
1

163
0

164
1

165
1

166
0

167
1

168
1

169
1

170
1

171
1

172
1

173
0

174
0

175
1

176
0

177
0

178
1

179
0

180
0

181
1

182
1

183
1

184
1

185
0

186
1

187
0

188
0

189
0

190
1

191
1

192
0

193
1

194
0

195
0

196
0

197
1

198
0

199
1

200
0

201
0

202
0

203
1

204
1

205
0

206
1

207
0

208
1

209
0

210
1

211
1

212
0

213
1

214
1

215
0

216
0

217
1

218
1

219
1

220
0

221
0

222
1

223
1

224
1

225
1

226
0

227
0

228
0

229
1

230
0

231
1

232
0

233
0

234
1

235
1

236
1

237
0

238
1

239
1

240
1

241
1

242
0

243
1

244
1

245
1

246
1

247
0

248
0

249
1

250
0

251
1

252
0

253
1

254
0

255
1

256
0

257
1

258
0

259
1

260
1

261
0

262
1

263
1

264
1

265
1

266
0

267
0

268
1

269
1

270
0

271
1

272
1

273
1

274
0

275
1

276
0

277
0

278
0

279
1

280
0

281
0

282
1

283
1

284
1

285
1

286
1

287
1

288
1

289
1

290
1

291
0

292
1

293
0

294
1

295
0

296
1

297
1

298
1

299
0

300
0

301
0

302
1

303
0

304
0

305
1

306
0

307
1

308
1

309
1

310
0

311
1

312
0

313
1

314
1

315
0

316
0

317
1

318
1

319
0

320
1

321
1

322
1

323
1

324
1

325
0

326
1

327
0

328
1

329
0

330
0

331
0

332
0

333
0

334
0

335
0

336
1

337
1

338
0

339
1

340
1

341
1

342
0

343
1

344
1

345
0

346
1

347
1

348
1

349
1

350
1

351
0

352
0

353
1

354
1

355
1

356
0

357
0

358
1

359
1

360
0

361
0

362
1

363
0

364
0

365
0

366
1

367
0

368
0

369
0

370
0

371
0

372
1

373
1

374
0

375
1

376
0

377
0

378
0

379
1

380
1

381
1

382
0

383
1

384
1

385
0

386
0

387
1

388
0

389
1

390
1

391
1

392
0

393
1

394
1

395
0

396
1

397
1

398
1

399
0

400
1

401
0

402
0

403
1

404
1

405
0

406
0

407
0

408
0

409
0

410
0

411
1

412
0

413
1

414
1

415
0

416
0

417
1

418
1

419
0

420
0

421
0

422
1

423
0

424
1

425
1

426
1

427
1

428
1

429
0

430
1

431
1

432
0

433
1

434
0

435
0

436
0

437
1

438
0

439
0

440
1

441
1

442
1

443
0

444
0

445
1

446
0

447
1

448
0

449
0

450
1

451
1

452
1

453
1

454
1

455
1

456
0

457
1

458
0

459
0

460
0

461
1

462
1

463
1

464
0

465
1

466
0

467
0

468
0

469
1

470
1

471
0

472
0

473
0

474
1

475
0

476
0

477
0

478
1

479
0

480
1

481
0

482
1

483
1

484
0

485
0

486
1

487
0

488
0

489
1

490
0

491
0

492
0

493
1

494
1

495
1

496
1

497
1

498
0

499
0

500
0

501
0

502
1

503
0

504
1

505
1

506
1

507
1

508
0

509
0

510
1

511
0

512
1

513
0

514
0

515
0

516
0

517
0

518
0

519
1

520
0

521
1

522
0

523
1

524
1

525
0

526
0

527
1

528
0

529
1

530
1

531
0

532
1

533
1

534
1

535
1

536
0

537
1

538
0

539
0

540
0

541
1

542
1

543
0

544
1

545
0

546
1

547
1

548
1

549
0

550
0

551
1

552
1

553
1

554
0

555
1

556
0

557
1

558
0

559
0

560
1

561
1

562
1

563
1

564
1

565
1

566
1

567
0

568
0

569
1

570
1

571
0

572
0

573
0

574
0

575
1

576
1

577
1

578
1

579
0

580
0

581
0

582
0

583
0

584
0

585
0

586
1

587
0

588
1

589
1

590
0

591
0

592
1

593
0

594
0

595
0

596
0

597
1

598
0

599
1

600
1

601
0

602
0

603
0

604
1

605
0

606
0

607
1

608
1

609
1

610
0

611
1

612
1

613
1

614
1

615
1

616
0

617
1

618
0

619
0

620
0

621
1

622
1

623
0

624
0

625
0

626
1

627
0

628
0

629
1

630
0

631
1

632
0

633
0

634
1

635
1

636
1

637
1

638
0

639
1

640
0

641
0

642
0

643
0

644
0

645
0

646
1

647
0

648
1

649
0

650
1

651
0

652
1

653
1

654
1

655
0

656
1

657
1

658
1

659
1

660
1

661
0

662
1

663
1

664
1

665
1

666
0

667
1

668
1

669
1

670
1

671
1

672
0

673
0

674
1

675
0

676
0

677
1

678
0

679
0

680
1

681
1

682
1

683
0

684
1

685
1

686
0

687
0

688
1

689
0

690
0

691
1

692
0

693
0

694
1

695
1

696
0

697
0

698
0

699
0

700
1

701
1

702
1

703
1

704
0

705
0

706
1

707
0

708
1

709
1

710
0

711
0

712
0

713
0

714
0

715
1

716
0

717
1

718
1

719
1

720
1

721
1

722
0

723
1

724
1

725
0

726
0

727
1

728
0

729
1

730
1

731
1

732
0

733
0

734
0

735
0

736
1

737
1

738
0

739
1

740
1

741
0

742
1

743
1

744
1

745
0

746
0

747
1

748
1

749
1

750
1

751
1

752
1

753
1

754
1

755
0

756
1

757
0

758
0

759
0

760
0

761
0

762
0

763
0

764
0

765
1

766
0

767
1

768
0

769
1

770
0

771
1

772
1

773
0

774
1

775
1

776
0

777
0

778
1

779
1

780
0

781
0

782
0

783
0

784
1

785
1

786
1

787
0

788
1

789
1

790
0

791
1

792
0

793
0

794
1

795
0

796
0

797
0

798
1

799
0

800
0

801
1

802
1

803
1

804
1

805
1

806
1

807
1

808
0

809
0

810
0

811
1

812
0

813
0

814
0

815
1

816
1

817
1

818
0

819
1

820
0

821
1

822
0

823
1

824
0

825
1

826
0

827
1

828
0

829
0

830
1

831
1

832
0

833
0

834
1

835
0

836
1

837
1

838
0

839
1

840
0

841
1

842
0

843
1

844
0

845
1

846
0

847
1

848
1

849
0

850
0

851
1

852
1

853
0

854
0

855
0

856
0

857
0

858
1

859
1

860
1

861
1

862
0

863
0

864
1

865
1

866
1

867
0

868
1

869
1

870
0

871
0

872
1

873
0

874
1

875
1

876
0

877
1

878
0

879
0

880
1

881
0

882
0

883
0

884
0

885
0

886
0

887
0

888
0

889
0

890
0

891
1

892
1

893
1

894
1

895
0

896
0

897
0

898
0

899
1

900
1

901
1

902
0

903
1

904
1

905
1

906
0

907
0

908
0

909
0

910
1

911
1

912
0

913
0

914
0

915
1

916
1

917
1

918
0

919
0

920
0

921
0

922
0

923
1

924
1

925
0

926
0

927
1

928
1

929
1

930
1

931
0

932
0

933
1

934
1

935
1

936
1

937
1

938
0

939
1

940
0

941
1

942
0

943
0

944
1

945
1

946
1

947
0

948
1

949
1

950
0

951
1

952
0

953
1

954
1

955
1

956
1

957
1

958
1

959
0

960
0

961
0

962
1

963
1

964
1

965
0

966
0

967
1

968
0

969
0

970
0

971
1

972
0

973
0

974
0

975
0

976
0

977
0

978
1

979
0

980
1

981
0

982
0

983
0

984
1

985
0

986
0

987
1

988
1

989
0

990
0

991
1

992
0

993
0

994
1

995
1

996
0

997
1

998
1

999
1

